2776584	9612640	4727908
2757184	9604456	1608320
2764028	9625084	1605460
2765784	9584664	1667312
2782168	9581248	1667388
2755228	9570492	1614828
3612224	9709564	1809804
2791428	9631508	1749032
2812132	9994096	2543632
2810136	9652440	1890380
2792932	9581512	1645328
2814648	9625096	1751372
2798484	9618824	1726216
2798832	10146760	1999872
2803768	9696372	1711964
2786380	9717948	2347824
2835200	9621152	1730536
2779272	9585308	1755608
2875648	9655880	1719372
2789196	9625972	1764464
3137820	13311872	1879512
2803704	9661416	1827904
2811232	9608488	1871120
2818960	9615468	1849316
2792956	9989184	1760828
2863288	9693576	1896364
2813668	9639960	1709336
2803888	9863928	1967028
2881748	9607904	1832084
2815794	9628892	1697244
2812848	9654988	1810776
2784360	9619620	1745084
3095168	9733720	1916216
2816308	9630128	1804108
2845606	9686208	2843660
2842508	9673956	1946296
2787412	9609172	1785564
2833048	9846480	1993112
2807404	9648156	1783752
3127932	9744068	2065556
2851356	9608532	1851848
2805460	9641764	1852392
2839684	9673376	1905828
2804592	9635172	1823676
2841116	9662376	2084504
2845592	9649600	1876672
2893116	10046188	2981852
2844232	9707712	1895044
2821644	9660888	1905368
2866596	9729452	1995012
2820212	9672396	1772844
3026180	10263032	2203052
2859152	9680788	1897408
2816804	9663960	1946580
2846920	9848420	2059272
2826280	9704380	1903896
2850904	10094296	1999788
9684900	9667512	1933736
3156668	9823044	2138656
2872548	9705228	2065912
2857944	9757040	2090540
2875456	9695460	1914476
2822908	9668360	1985924
2874268	9708788	2064884
2859140	9649500	2012788
2980452	9910952	2066096
2865468	9681156	2014264
2841156	9641736	2013560
2892456	10930240	2040636
2865848	9644680	1842088
2891700	9885412	2089244
2856476	9675336	2108644
2857016	10010424	2362172
2895556	9714064	2072284
2844128	9678452	2011176
2963452	9790304	2189680
2872496	9745556	2036612
2867124	9815420	2726244
2891784	9876696	2011888
2874232	9815264	2196948
2933588	9840376	2224300
9676388	9728200	2089788
2930408	9732420	2030416
9694544	9760864	2112224
3069216	9926716	2175348
2894176	9705404	2087856
2885236	9701680	1999888
2903536	9793644	2094672
2890236	9702156	2156228
2927816	9783848	2141656
2896176	9723604	2115080
2900812	10215812	3382956
2905868	9914836	2203764
2864248	9721324	2070420
2967384	9681208	2433504
2881896	9657960	1998864
3168024	9813476	2518184
2904184	9766196	2245164
2883840	9735784	2260764
2912228	9711552	2361028
2885720	9672632	2023536
3029976	10146416	2374344
2910260	9754648	2205640
3106020	10163656	2301616
2915864	9734236	2114112
2894368	9725060	2211220
2958464	9712980	2395584
9723524	9693648	2390972
2938344	9737900	2207044
2920972	9729620	2319852
2905904	9730328	2593732
2920800	9714764	2255472
2921664	9721976	2170108
2940084	9747728	2464200
2907612	9721740	2244616
3183684	9804016	2413828
2928592	9759668	2424884
2891704	9721744	2207332
2978264	9720536	2267412
2916340	9733976	2310704
2938700	9754328	2260800
2939908	9751820	2187996
3078680	10086860	2440840
2943084	9750748	2189976
2927428	9689260	2185576
2966432	9734500	2490212
2913148	9736896	2395952
2985164	9993632	2482180
2957744	9760224	2308772
2925600	9911204	3149436
2983000	9739684	2408380
2907132	9713648	2383428
2947580	9773800	2687640
2945964	9804992	2411080
2985764	10083864	3714020
2951716	9838456	2329732
2937192	9769012	2534756
2966984	9896912	2365732
2930680	9741644	2266208
3012672	9912752	2578216
2952596	9805620	2359348
2919768	9763576	2373328
2982800	9743760	2879416
2956512	9762304	2480032
2964880	9783276	2379004
2948460	9790236	2402244
3006192	9954796	2703892
2955996	9782088	2302360
2951752	9905664	3277380
2976304	10689096	2504668
2970556	9779044	2385528
9918828	9757564	2639316
2953516	9916532	2489116
3232456	9916204	2958692
2998060	9743528	2584504
2929892	9788556	2676868
3324844	9911032	2559280
2976900	9783512	2510452
10560328	10062056	2751764
2985352	9839208	2672608
10285336	10084140	3007860
3043052	9778296	2578280
2940820	9779408	2464176
3001060	9850448	2436364
2953348	9793480	2341976
2963288	9818796	3164884
3042372	9812036	2626272
2968256	9895616	3446572
2984900	9822984	2536672
2963460	9824604	2420600
3039084	9844428	2785528
2977740	9803784	2468444
3378640	9822904	2801148
3003872	10193640	2736756
2979608	9831568	2576292
2996464	9818824	2721652
2983972	9797464	2664020
3135736	9836284	2855116
3034124	9792396	2851668
2983312	10103812	3809604
2993112	9817788	2695588
3029036	9838440	2536164
3001900	9834388	2617568
2982308	9805716	2545152
3447796	9889560	3026320
3006464	9798560	2718468
2976460	9998176	3473100
3005020	9839728	2561280
2966048	9812516	2507284
3413088	9932812	3398488
3045536	9810412	2687760
2976160	10001288	3259120
3022040	9835544	2719432
2979628	9842908	2931292
3021708	9856672	2678252
2991044	9811716	2542704
3044524	9800540	2713064
3033488	9803768	2641372
3022056	9840224	2633964
3015540	9802844	2896972
3008972	9841464	2605208
3043400	9835760	2754260
3008868	9790040	2421436
3037980	9828944	2785824
3061524	10121340	2864364
3030688	9854040	2816728
3067976	10085612	2878172
3023968	9812776	2643868
3082072	9799888	2811232
10011648	9848896	2692424
3329444	9939384	2861984
3048952	9877980	2671888
2994560	9863404	2950016
3043544	10008624	3783400
3052016	9786628	2922072
10439596	10272040	2893804
1760920
2156372
1902964
3032380	9841040	2787712
1712784
1557872
1747308
1548736
3059860	10409812	3459280
1647956
1572476
1692388
1554136
3242064	10135936	2803504
1558640
1604892
1599432
1543844
1788768
1551680
1548696
1546436
1683846
3023620	9823804	2738976
1557932
1562384
1545224
2095720
1666068
1547012
1552908
1543812
1591726
1542828
1542820
1541548
1616384
1548892
1548524
1560696
1544432
1543488
1543444
1543392
1554388
1544124
1544072
1543504
1543096
1592566
1542536
1544036
1542748
1542668
1544540
1544536
1574366
1616066
1542048
1578336
1543044
1552156
1544460
3034060	9836648	2685280
1548464
1556988
1554804
1589064
1729820
1547456
1550456
1545616
1543540
1543416
1549448
1624864
1544988
1544568
1543812
1544488
1544572
1544388
1544384
1543728
1544036
1543952
1542416
1544564
1541956
1578706
1543208
1544516
1542288
1544572
1544020
1544184
1545796
1542928
1543416
1543004
1543036
1548952
1575968
3024300	9851212	2769432
1549460
1590688
1559020
1603664
1640444
1546892
1593788
1546496
1544492
1544620
1543928
1555036
1544284
1546164
1545480
1546248
1546672
1547584
1546116
1544520
1546028
1548556
1545032
1544200
1576402
1547440
1558828
1546492
1547508
1577830
1545424
1546280
1544868
1545084
1548072
1544844
1551648
1582228
1545492
3025052	9877284	2831704
1551520
1560400
1562316
1547544
1630724
1551544
1556756
1546512
1547256
1546848
1545608
1547352
1547144
1546852
1546848
1546724
1546200
1557012
1546956
1544568
1545460
1547204
1546144
1545188
1545412
1558088
1546484
1546624
1546536
1545600
1546252
1546836
1545208
1545044
1631750
1664972
1554340
1555220
1545564
3057436	9828352	2812664
1584062
1563848
1570872
1559588
1648348
1554232
1560120
1547036
1549704
1549264
1586086
1548884
1558452
1545764
1658464
1555848
1598312
1560180
1631764
1552464
1550512
1547620
1551616
1547056
1548572
1548360
1547788
1549568
1546912
1548340
1556140
1546864
1548612
1546172
1620438
1549132
1580630
1546096
1552380
3037488	9853228	2669040
1551744
1592436
1620956
1574640
1686572
1733256
1606872
1566828
1666248
1636112
1550772
1549116
1548892
1549156
1549188
1548052
1548232
1554176
1547252
1548060
1548640
1550772
1549744
1547100
1548628
1548244
1547736
1549868
1548792
1547824
1548116
1549260
1548868
1548388
1549200
1584528
1548040
1547568
1548384
10130770	9874348	2889728
1549852
1565920
1626880
1551180
1676776
1551328
1668996
1549180
1581234
1550912
1550268
1551092
1582274
1551516
1549876
1550476
1549956
1549848
1549664
1548392
1548404
1549300
1550232
1549316
1549156
1550244
1538880
1548656
1601132
1568980
1549504
1550160
1581396
1549924
1592948
1590838
1563664
1564660
1548120
3030628	9878084	2804976
1558984
1577616
1579288
1551036
1672252
1553944
1556020
1551656
1550524
1626300
1552784
1550924
1560340
1551144
1550932
1549080
1549648
1561348
1549116
1695634
1569212
1556264
1549296
1654272
1551988
1618208
1549876
1552600
1551692
1551260
1551932
1610536
1579884
1549824
1550324
1551232
1549612
1594240
1559184
3042556	9950052	2995116
1556472
1556992
1766080
1571348
1684320
1609304
1574532
1551688
1551232
1563904
1663852
1583882
1552136
1756016
1639964
1572308
1552940
1552500
1550304
1549932
1548988
1568308
1552040
1561500
1561008
1579646
1548036
1567728
1548592
1551072
1551236
1584560
1549364
1564156
1551292
1551196
1550592
1550052
1550720
3080254	9848596	2832628
1599664
1559328
1580208
1561356
1799780
1748566
1608984
1559844
1556224
1652556
1554088
1630272
1564196
1553832
1553508
1563252
1563348
1573700
1551644
1552392
1555088
1553180
1552772
1587980
1561600
1552944
1550776
1552956
1613856
1569744
1551500
1552500
1553324
1553104
1551860
1569756
1554712
1551020
1585362
3050804	9843208	2945776
1557004
1578160
1575084
1554052
1728096
1639072
1565192
1599696
1553628
1551232
1551608
1552032
1737590
1580072
1567140
1554376
1638964
1553252
1559724
1571936
1554508
1589364
1551128
1553980
1552484
1570736
1553644
1554200
1553492
1553208
1558560
1574708
1554044
1553200
1554480
1553692
1552740
1568264
1553472
10147176	9825124	2545132
1553996
1570804
1629064
1598788
1674240
1650772
1555140
1562652
1562420
1576104
1552784
1554676
1554228
1592534
1551700
1720538
1560864
1563644
1771392
1632108
1559568
1574196
1555284
1551976
1551940
1562704
1553204
1609218
1553648
1553964
1551864
1553280
1566108
1573164
1553676
1553688
1553272
1587724
1553540
3053720	9804460	2794120
1555836
1586200
1584676
1603496
2742248
1730142
1540652
1560440
1554684
1552580
1552660
1572416
1551896
-4293380066
1554544
1552392
1563028
1569820
1632472
1553492
1558952
1552700
1552492
1698500
1611032
1553504
1562128
1552468
1590720
1572652
1552456
1553092
1552324
1554876
1552916
1572712
1551972
1551340
1586698
3038180	9856624	2679408
1559028
1595476
1572112
1564760
1779196
1652696
1556156
1586676
1552932
1556028
1553928
1553952
1553716
1569576
1553964
1554008
1554668
1552640
1553988
1570412
1562056
1663836
1560852
1564504
1555108
1568012
1648640
1555700
1553248
1552992
1553644
1571768
1552288
1554728
1553820
1552248
1552820
1576448
1589562
3042364	9882812	2846144
1575884
1579872
1623464
1585744
1600984
1641288
1557768
1574408
1557700
1573608
1554972
1556100
1594422
1552420
1559472
1572340
1555624
1555824
1555880
1554644
1556680
1573264
1555132
1555452
1555272
1554524
1555276
1574504
1555512
1554212
1555432
1555500
1555888
1606588
1554028
1555140
1557636
1554908
1565356
3071452	9858496	2731412
1575620
1566304
1588692
1666148
1689060
1718940
1558908
1568508
1557072
1557008
1556860
1576480
1554696
1556564
1634368
1604106
1566012
1580232
1584920
1556384
1556420
1566104
1557024
1603536
1554816
1556716
1556496
1555420
1556648
1587052
1579176
1578748
1576884
1578980
1578792
1599280
1579116
1579588
1616080
3069616	9874200	2976636
1586772
1609112
1614320
1576860
1556112
1646188
1559908
1598184
1586512
1556748
1555356
1554204
1554240
1572304
1556564
1556036
1555720
1619224
1555920
1572876
1555764
1555836
1566152
1554336
1555984
1575288
1555584
1554256
1586978
1555884
1557696
1575268
1556560
1591020
1556276
1561348
1566572
1574508
1563752
3043040	9972312	3044416
1569644
1566152
1586508
1595028
1557376
1702188
1569156
1605316
1586976
1577732
1558352
1557140
1566248
1588990
1557688
1578796
1557600
1556796
1557708
1556876
1554120
1585912
1558356
1558296
1557420
1556340
1556792
1576620
1557220
1555836
1565864
1557704
1554692
1583036
1596568
1559888
1557256
1556196
1558924
3081160	9872676	3033680
1563468
1564096
1599580
1561820
1560140
1710652
1562256
1646968
1560444
1568560
1558960
1575656
1559840
1559740
1558448
1559296
1558068
1581916
1560676
1557020
1558904
1558156
1558736
1597116
1594682
1557396
1599004
1559268
1560444
1578384
1559260
1595900
1559088
1589196
1558404
1613634
1557300
1559340
1587122
3043296	9933804	2888092
1565056
1580240
1599260
1639504
1572864
1682440
1564152
1785052
1579676
1562660
1559840
1560944
1560960
1612154
1559384
1562580
1561076
1570844
1562704
1647484
1560724
1593766
1561256
1561024
1560204
1622262
1561672
1668932
1605116
1565680
1560828
1694360
1561452
1561924
1577500
1561200
1560908
1576664
1560220
3045980	9887668	2901760
1567928
1565168
1619116
1579712
1561440
1656560
1562360
1568280
1572704
1583844
1562316
1561688
1571540
1560944
1560588
1580728
1560044
1559880
1602022
1560436
1562856
1585388
1561292
1708158
1569032
1656530
1667052
1623174
1561616
1561156
1560920
1561620
1560684
1577440
1591334
1559420
1560192
1560728
1559112
3071564	9847976	2869408
1563572
1566748
1578212
1564304
1561140
1748464
1548360
1564608
1561948
1570296
1600986
1662920
1567212
1565464
2052820
1646440
1561280
1583484
1560260
1560648
1559692
1560664
1560584
1589160
1570940
1563224
1560808
1595120
1559384
1576108
1560944
1560008
1560668
1561680
1560300
1580940
1560876
1624816
1560204
10213272	9856044	2525264
1560004
1598876
1576556
1563252
1600708
1688060
1591124
1652452
1599146
1558912
1589940
1556240
1726378
1588572
1580448
1597036
1560804
1647380
1562060
1578468
1561196
1560272
1560400
1560640
1608232
1581212
1572548
1633508
1565900
1561108
1561384
1621290
1558088
1561020
1558284
1672196
1567084
1591712
1559976
3045624	9889304	2731684
1927288
1693608
1581996
1603272
1564436
1703760
1655024
1575692
1565276
1586396
1562496
1593146
1666784
1605220
1579796
1595288
1548536
1651432
1564332
1574504
1564000
1581788
1563552
1563328
1563052
1559696
1693396
1590124
1566780
1575068
1561820
1659424
1641736
1563772
1562968
1562608
1561260
1663444
1574108
3105100	9839152	2921684
1586172
1675144
1600024
1686984
1565288
1578024
1606682
1676740
1571460
1616202
1638980
1650492
1670404
1688056
1565312
1574144
1563388
1582972
1561100
1651112
1571644
1580304
1601908
1562676
1566880
1563748
1594460
1568060
1564484
1581336
1687610
1605350
1566828
1566632
1572752
1564856
1562332
1564884
1562768
3052904	9904176	2734260
1565520
1657748
1600532
1707332
1617184
1614164
1560408
1643872
1562592
1559440
1673636
1566808
1567056
1561020
1570916
1570148
1561372
1560496
1561172
1561828
1639546
1571980
1557320
1655064
1608502
1565716
1560924
1568912
1562968
1561680
1559908
1560304
1559488
1604602
1561876
1561800
1562048
1559016
1675972
3048780	9869036	2947604
1576332
1589844
1600288
1914160
1602744
1582180
1568132
1596818
1565036
1562832
1563184
1563108
1561600
1563588
1562908
1563252
1561152
1654704
1571156
1568416
1580448
1563236
1563464
1564372
1564736
1563560
1564048
1561236
1562988
1562484
1562296
1562216
1559196
1657008
1571440
1567176
1583724
1562428
1563020
3116160	9838148	2847744
1567812
1598776
1589516
1717988
1657392
1567160
1579788
1648376
1572436
1576976
1579512
1566060
1565552
1565620
1564852
1577280
1575444
1565272
1563776
1564620
1563760
1562852
1564452
1564428
1565072
1565592
1565492
1564468
1562612
1564840
1563476
1700830
1573896
1571848
1585884
1564196
1566700
1565256
1563896
3066828	9932800	3001768
1566556
1576380
1608536
1661692
1717252
1665444
1598868
1580748
1579360
1567772
1575524
1574912
1566512
1566172
1566184
1563404
1563996
1563104
1660532
1602824
1571676
1565204
1571400
1568008
1564036
1565480
1565168
1575548
1564600
1564444
1596788
1642880
1573632
1567916
1576376
1613636
1567888
1577192
1566368
3072092	9879084	2926096
1567680
1569024
1581944
2018796
1754284
1577408
1619628
1566752
1672288
1565920
1566184
1566624
1566388
1567068
1567860
1576032
1565384
1563564
1605154
1706528
1607796
1576380
1675480
1567288
1566488
1565820
1601374
1572148
1565924
1566680
1568512
1565740
1566104
1565368
1563972
1662836
1616852
1572868
1564352
3107716	9858204	3058820
1568536
1583380
1646916
1650928
1692172
1571056
1593740
1650212
1574668
1607108
1566500
1571552
1567100
1566568
1604584
1566672
1566244
1566636
1565380
1565500
1564384
1576276
1598302
1565320
1567920
1566500
1566876
1563872
1575228
1599412
1565680
1567884
1566572
1565960
1566616
1565352
1570452
1565832
1565800
3053848	9877816	3232504
1570064
1577036
1589104
1567024
1690728
1567596
1587284
1567072
1614184
1566088
1565448
1596538
1575416
1576380
1576864
1568136
1566240
1566816
1565496
1566528
1565836
1565992
1566036
1564308
1565444
1566376
1567228
1564328
1566096
1565880
1574976
1564532
1567676
1564260
1567108
1566692
1565924
1565836
1565500
3076812	9888308	3098908
1568504
1594600
1594544
1566644
1675964
1568568
1602484
1566556
1567324
1566520
1583880
1567080
1566924
1565844
1566180
1566300
1565868
1568304
1566376
1566560
1567656
1604332
1582900
1566084
1565508
1566728
1566272
1596976
1567736
1577152
1565968
1566108
1565940
1565524
1579712
1566272
1566412
1566112
1566200
3097932	9863880	3131268
1575320
1628952
1694196
1609372
1685860
1573648
1740280
1573492
1571392
1569012
1569860
1569152
1578380
1568028
1573996
1608478
1569544
1568420
1586268
1568472
1610038
1570236
1569148
1574792
1606872
1570708
1568344
1570784
1568572
1569228
1570052
1573840
1706544
1578260
1680864
1573924
1791952
1651060
1906988
3079072	9946016	3073256
1697112
1689812
1795568
1723548
1925440
1733144
1626500
1768930
1639384
1730844
1579216
1725896
1722516
1651332
1791064
1634666
1707720
1591220
1714252
1596992
1755464
1679352
1590940
1679380
1595696
1707540
1606272
1669832
1683368
1762372
1748660
1737236
2722316
1670816
1725056
1738244
1792230
1634460
1765264
3254132	10495948	3241124
1783860
1629360
1767848
1575784
1982420
1809900
1735268
1821124
1584760
1767320
1606404
2358996
1661100
1657920
1653288
1574584
1583752
1575728
1609946
1612682
1581672
1570164
1585968
1569216
1569444
1570468
1569712
1569688
1585656
1570728
1571240
1580500
1569848
1570108
1629966
1570284
1569772
1570340
1569476
3078848	9868432	2591160
1600636
1592616
1596168
1613376
2122076
1666676
1595580
1577936
1573288
1620884
1581428
1571508
1587004
1572144
1571340
1572332
1572956
1571400
1586240
1571404
1570468
1572928
1570464
1571244
1590808
1614724
1571596
1571416
1571876
1571336
1627688
1570152
1571768
1571240
1571228
1570664
1588988
1580752
1601346
3074192	9912768	2877824
1623800
1577404
1627684
1653744
1711512
1669712
1574668
1584148
1590584
1571112
1583080
1572080
1571968
1572372
1589772
1572336
1619402
1572460
1569144
1617772
1587912
1581636
1572020
1571520
1602756
1574428
1596684
1570288
1572164
1571172
1571732
1572016
1593028
1572104
1572540
1571744
1572072
1571160
1589368
10229768	9893432	2824240
1571548
1584920
1624348
1572000
1719132
1662832
1575480
1586692
1573012
1573664
1592000
1571748
1571616
1572724
1571356
1571912
1588772
1570464
1571340
1571340
1570936
1571864
1588976
1571080
1609662
1570820
1571208
1571408
1632640
1570940
1571368
1571740
1572664
1571272
1591428
1571800
1571392
1570940
1571780
3083364	9837856	3001632
1601752
1604516
1636788
1614254
1579184
1715312
1601288
1597292
1576460
1575668
1636664
1575308
1591024
1574804
1574512
1616902
1605104
1574152
1593084
1574876
1613432
1575332
1574172
1575396
1614624
1575704
1574624
1575848
1607186
1575540
1599976
1575312
1574660
1575276
1575224
1575372
1593812
1579400
1574400
3065244	9935864	2913124
1578140
1585628
1625504
1574144
1574888
1740172
1576368
1593244
1623220
1576644
1575228
1574772
1572748
1574212
1595172
1574016
1611284
1574372
1575720
1603726
1592556
1574804
1575204
1574616
1586252
1573888
1591668
1574100
1574344
1573648
1578556
1574976
1593924
1574572
1573952
1574372
1604256
1608006
1595836
3088152	9865392	3129360
1581960
1593856
1609760
1580040
1593312
1758652
1579936
1591656
1575860
1575832
1594876
1575056
1577712
1574996
1575772
1576280
1594432
1575576
1575076
1575628
1575488
1575600
1605996
1575968
1606916
1575448
1605344
1574188
1596932
1574232
1585420
1575252
1575524
1574324
1592364
1575532
1575396
1575008
1574020
3072564	9869304	3116068
1606460
1589888
1625388
1577728
1575620
1680388
1597356
1614784
1579640
1577044
1577648
1576168
1597288
1577360
1586048
1576376
1574840
1584204
1591204
1574880
1576148
1575972
1576208
1576196
1645870
1587904
1576364
1577240
1576328
1576668
1603556
1577184
1575740
1578228
1613040
1576244
1620416
1616324
1581884
3105984	9927560	2579576
1581300
1589676
1636456
1580332
1578196
1682712
1582048
1584100
1634480
1588976
1579812
1579064
1577944
1580244
1603636
1577900
1578316
1578528
1578656
1578440
1596944
1587784
1578544
1577420
1578536
1652184
1594632
1578336
1577420
1579112
1622582
1578356
1597488
1577376
1588196
1578560
1577868
1579416
1594904
3144558	9891152	2865492
1582532
1605780
1607268
1579696
1598456
1718668
1581592
1584424
1581012
1644686
1601348
1577652
1578304
1579996
1577528
1578088
1599172
1578772
1588424
1618208
1578316
1580060
1665688
1578224
1577412
1578240
1577876
1578536
1595720
1577632
1607858
1578400
1587752
1587880
1598040
1578840
1589028
1589388
1579552
3077940	9890024	2974492
1603748
1597172
